amp: 1 1 1 1 1 1 1 1, mode: 1 2 3 4 5 6 7 8
amp: 0 1 1 1 1 1 1 1, mode: 1 2 3 4 5 6 7 8
amp: 1 1 0 1 1 1 1 1, mode: 1 2 3 4 5 6 7 8
amp: 1 1 1 0 1 1 1 1, mode: 1 2 3 4 5 6 7 8
amp: 1 1 1 1 0 1 1 1, mode: 1 2 3 4 5 6 7 8
amp: 1 1 1 1 1 0 1 1, mode: 1 2 3 4 5 6 7 8
amp: 1 1 1 1 1 1 0 1, mode: 1 2 3 4 5 6 7 8
amp: 0 1 1 1 1 1 1 0, mode: 1 2 3 4 5 6 7 8
amp: 1 1 1 0 0 1 1 1, mode: 1 2 3 4 5 6 7 8
amp: 0 1 0 1 1 1 1 1, mode: 1 2 3 4 5 6 7 8
amp: 1 0 1 0 1 1 1 1, mode: 1 2 3 4 5 6 7 8
amp: 1 1 0 1 0 1 1 1, mode: 1 2 3 4 5 6 7 8
amp: 1 1 1 1 0 1 0 1, mode: 1 2 3 4 5 6 7 8
amp: 1 1 1 1 1 0 1 0, mode: 1 2 3 4 5 6 7 8
amp: 0 1 0 1 0 1 1 1, mode: 1 2 3 4 5 6 7 8
amp: 1 1 1 0 1 0 1 0, mode: 1 2 3 4 5 6 7 8